


TABLE 8/12                                                      
  ‏          ,
MOHAFAZAT,المجمــوع,العيادات
  الشاملة,خدمات
  مخبرية,خدمات
  سنية,خدمات
  علاجية للمرضى,برنامج
  التغذية,الرقابة
  الصحية,تثقيف
  صحي,رعايـة
  حوامل,تنظيم
  الأسـرة,عيادة
  الطفل السليم,كزاز
  للنسـاء,لقاحات
  أطفال
TOTAL,General
  Clinics,Laborato
  ries,Dental
  Services,Treatment
  services For patients,Nutrition
  Program,Healthy
  Control ,Health
  Education,Pregnants
  Care,Family
  Planning,Healthy
  child clinic,Tetanus
  vaccine For Women
Damascus,1574923,156412,155861,77658,287635,63673,0,12405,5116,36352,17607,9643,752561
Damascus Rural,2603086,ــ,205208,118484,791672,78680,14350,4546,4114,58606,36479,33033,1257914
Aleppo,3621390,170722,54352,172753,394768,23776,2694,13699,16962,145357,8998,90056,2527253
Homs,4378137,1121436,731196,296318,822363,251919,21174,29645,7906,58928,23469,41248,972535
Hama,2472698,552443,316588,79364,344120,94572,10081,17562,10021,61884,24118,35941,926004
Lattakia,1197275,ــ,144412,155207,267676,120791,3137,28113,9004,34187,17378,7363,410007
Deir-ez-zor,1225146,58509,22271,25810,102014,12076,63,5854,10680,37737,36840,34814,878478
Idleb,1834350,390066,71026,68366,250437,60888,4846,6775,10200,52014,5690,29777,884265
Al-Hasakeh,1490153,ــ,45696,75153,250407,32712,4228,6790,7957,46593,26315,32986,961316
Al-Rakka,977871,ــ,18422,50443,105590,9807,1145,2946,4708,26383,48773,31287,678367
Sweida,556396,ــ,104538,36072,202708,21546,2268,6620,2564,16475,3500,1891,158214
Dar'a,1408737,69181,176403,62222,205483,140690,6718,8716,4330,44828,25752,19241,645173
Tartous,1010598,ــ,129314,75363,262144,33687,10724,61926,4741,45184,16292,16510,354713
Quneitra,569095,90020,54400,25385,139597,90,1894,3777,1024,10854,1400,4095,236559
Total,24919855,2608789,2229687,1318598,4426614,944907,83322,209374,99327,675382,292611,387885,11643359

