

 , , , , , , , , , , 
TABLE 9/12                                                             , , , , , , , 
Mohafazat,الكلية الصناعية
    Artificial Kidney,عـدد المرضى 
  بالعناية المشــددة
    Number of patients in intensive care,تخطيط
    Cardiograply ,تنظيـــــــر
    Scopy,المعالجة الفيزيائية
    Physical Therapy,قســـم الأشـــعة
    X -Ray,خدمـات مخبــريـةLaboratory services,العمليات الجراحيـة
    Surgery operation,مراجعو الإســعاف
    Emergency,العيـادات الخارجيــة
    External  clinics
Damascus, 26500 , 13865 , 53163 , 11946 , 80224 , 342392 , 1948637 , 59889 , 465613 , 312102 
Damascus Rural, 10958 , 3622 , 29843 , 1537 , 2522 , 162268 , 873059 , 82229 , 287660 , 164351 
Aleppo, 20981 , 2596 , 40069 , 2111 , 14327 , 258953 , 1121027 , 117634 , 501956 , 168583 
Homs, 24137 , 14396 , 66468 , 2376 , 77455 , 274019 , 1602921 , 83312 , 484077 , 164299 
Hama, 19609 , 10294 , 87488 , 2030 , 26900 , 265481 , 1696606 , 70537 , 322892 , 120289 
Lattakia, 9214 , 3404 , 19934 , 1057 , 1648 , 143527 , 532423 , 37566 , 218443 , 151416 
Deir-ez-zor, 12946 , 2348 , 29654 , 1648 , 2872 , 173700 , 651921 , 35168 , 257716 , 102184 
Idleb, 14976 , 6773 , 25883 , 1186 , 1384 , 94588 , 549296 , 10408 , 126942 , 8937 
Al-Hasakeh, 14797 , 7192 , 28258 , 1494 , 3482 , 192216 , 560417 , 34019 , 452023 , 133125 
Al-Rakka, 20526 , 2335 , 10650 ,ــ, 14414 , 121971 , 268337 , 8266 , 314986 , 16268 
Sweida, 6089 , 1486 , 17942 , 991 , 17107 , 79374 , 654214 , 16207 , 109244 , 25011 
Dar'a, 10914 , 8747 , 50802 , 1441 , 10209 , 170801 , 618611 , 67284 , 340915 , 118185 
Tartous, 15523 , 2154 , 45623 , 2766 , 6029 , 182669 , 839337 , 52657 , 136858 , 159551 
Quneitra,ــ, 291 ,ــ, 204 , 356 , 15666 , 51035 , 1811 , 31243 , 3351 
Total,207170,79503,505777,30787,258929,2477625,11967841,676987,4050568,1647652

