Distribution of services provided by the ministry of health by governorate and service kind
GOVERNORATE,Intensive care,Endoscopy,Chemotherapy sessions of tumors,Lithotripsy,Physiotherapy,Artificial Kidney,X -Ray,Laboratory services,Surgery operation,Outpatient clinics,Emergency
Damascus , 16224 , 9350 ,0,2217, 80663 , 36942 , 391674 , 2411848 , 32469 , 340848 , 498388 
Aleppo, 6654 , 1505 ,9523,2336, 15252 , 33991 , 312492 , 1310254 , 58855 , 333755 , 523924 
Rural Damascus , 4673 , 2071 ,0,1552, 7934 , 16115 , 240927 , 1113326 , 28791 , 268396 , 336717 
Homs, 13528 , 2853 ,7371,366, 7681 , 26089 , 380471 , 2003632 , 22171 , 334052 , 582048 
Hama, 9928 , 2399 ,371,0, 25235 , 27161 , 284536 , 1951579 , 26676 , 223522 , 344570 
Lattakia, 3639 , 1073 ,0,637, 3089 , 12675 , 179425 , 686685 , 15458 , 255256 , 231738 
Idleb, 1987 , 1861 ,0,0, 9971 , 26309 , 160745 , 1006670 , 17216 , 74718 , 227873 
Al-Hasakeh, 6324 , 1093 ,21,604, 5957 , 21587 , 212235 , 673697 , 16571 , 253153 , 527536 
Dir-ez-Zor, 2194 , 1761 ,0,2591, 4987 , 17791 , 242993 , 889712 , 21000 , 154999 , 376509 
Tartous, 3165 , 3280 ,0,781, 11203 , 21251 , 207281 , 1146039 , 50990 , 182142 , 145176 
Al-Rakka, 2620 , 320 ,0,504, 22168 , 27335 , 126071 , 457130 , 8222 , 20239 , 287812 
Daraa, 7826 , 1783 ,0,356, 11609 , 12574 , 244922 , 819880 , 20477 , 181495 , 387492 
Al-Sweida, 1836 , 1239 ,0,0, 22853 , 7047 , 97528 , 505487 , 16637 , 50418 , 119657 
Al-Quneitra, 1227 , 377 ,0,0, 822 ,774, 29438 , 102145 , 4292 , 42237 , 39388 
Total,81825,30965,17286,11944,229424,287641,3110738,15078084,339825,2715230,4628828

