GOVERNORATE,Intensive care,Endoscopy,Chemotherapy sessions of tumors,Lithotripsy,Physiotherapy,Artificial Kidney,X -Ray,Laboratory services,Surgery operation,Outpatient clinics
Damascus , 14928 , 11145 ,0,1953, 89414 , 31481 , 378233 , 2305554 , 41616 , 321499 , 500685 
Rural Damascus, 3983 , 1791 ,0,1855, 6727 , 14280 , 217174 , 1041664 , 23739 , 252820 , 325664 
Aleppo, 5481 , 1695 ,8761,2348, 13621 , 28909 , 302396 , 1370977 , 93215 , 246556 , 599244 
Idleb, 5137 , 1227 ,0,0, 3547 , 19425 , 129609 , 815398 , 13506 , 59537 , 188156 
Lattakia, 3546 , 867 ,0,919, 2716 , 10043 , 160998 , 622449 , 12868 , 222698 , 214507 
Tartous, 2542 , 2841 ,0,932, 6780 , 18913 , 192345 , 1122957 , 55724 , 157765 , 141818 
Homs, 14455 , 2857 ,7633,623, 11916 , 24081 , 326717 , 1860471 , 22746 , 241177 , 548422 
Hama, 10377 , 2342 ,285,0, 27698 , 20655 , 292235 , 1902763 , 25981 , 198714 , 348192 
Al-Hasakeh, 7996 , 1371 ,0,812, 4791 , 18734 , 223620 , 626952 , 16197 , 200266 , 483468 
Dir-ez- zor, 1894 , 1571 ,0,2897, 4665 , 16455 , 226408 , 869808 , 19211 , 122321 , 345216 
Daraa, 7460 , 1583 ,0,1053, 10529 , 11675 , 221872 , 901238 , 19387 , 167653 , 389710 
Al-Rakka, 3060 , 39 ,0,386, 20053 , 23142 , 103947 , 424243 , 7462 , 18234 , 243493 
Al-Sweida, 1772 , 1373 ,0,0, 20256 , 7095 , 86768 , 720075 , 15462 , 47238 , 124854 
Quneitra, 396 , 305 ,0,0, 948 ,0, 21734 , 90101 , 2253 , 30228 , 36397 
Total,83027,31007,16679,13778,223661,244888,2884056,14674650,369367,2286706,4489826

