GOVERNORATE,Endoscopy,Chemotherapy sessions of tumors,Lithotripsy,Physiotherapy,Artificial Kidney,X -Ray,Laboratory services,Surgery operation,Outpatient clinics
Damascus , 4498 ,457,248,1450,5194, 30077 , 95802 , 33121 , 33344 , 51736 
Rural Damascus, 3392 ,6,383,2007,1790, 75931 , 122467 , 68514 , 41171 , 128034 
Aleppo, 158 ,79,0,108,0, 3109 , 4205 , 1834 , 295 , 1622 
Idleb, 46 ,0,0,0,0, 8303 , 9912 , 8967 , 27753 , 15063 
Lattakia, 6 ,0,0,0,0, 181 , 2015 , 7738 , 9 , 191 
Tartous, 252 ,0,0,0,0, 14452 , 4465 , 12760 , 12069 , 2330 
Homs, 4398 ,314,268,3712,8880, 118546 , 232619 , 46389 , 140628 , 145367 
Hama, 235 ,54,57,14,216, 8431 , 17676 , 11693 , 3584 , 7780 
Al-Hasakeh, 212 ,0,120,0,0, 10070 , 25337 , 8780 , 2721 , 10668 
Dir-ez- zor, 2159 ,0,65,0,0, 2720 , 9938 , 7288 , 439 , 500 
Al-Rakka, 238 ,0,0,0,0, 6461 , 14529 , 7989 , 2704 , 10138 
Daraa, 62 ,0,294,0,0, 4338 , 11293 , 7982 , 604 , 1924 
Al-Sweida, 152 ,0,183,0,0, 6882 , 14139 , 6819 , 288 , 7357 
Quneitra,0,0,0,0,0,0,0,0,0,0
Total,15808,910,1618,7291,16080,289501,564397,229874,265609,382710

