GOVERNORATE,Other,Lung function,Nystagmus,Nervi,Auditory brainstem response,EEG,Acoustic impedance,Audiometry,Electromyo-graphy,Pressure,Holter monitor,ECG
Damascus ,38,1904,0,1779,175,527,222,1194,0,86,429,58422,1535
Rural Damascus,54,158,0,66,39,65,944,998,0,0,0,35618,479
Aleppo,0,744,0,23,551,553,2460,2320,0,4811,0,31017,962
Idleb,0,0,0,210,30,32,204,230,8,0,0,89848,109
Lattakia,0,358,0,0,0,0,0,1348,0,0,0,19153,284
Tartous,0,242,116,317,51,59,732,982,420,0,0,57531,2103
Homs,9,231,14,721,85,590,399,1336,31,0,0,105535,1745
Hama,0,43,0,964,84,274,720,939,0,0,4,78606,574
Al-Hasakeh,0,400,0,446,0,79,52,626,0,0,0,30924,308
Dir-ez-zor,0,0,0,0,7,148,0,263,0,0,0,33357,499
Daraa,0,169,0,341,8,473,0,1045,0,0,0,44634,415
Al-Rakka,0,0,3,0,0,0,0,44,0,0,0,15690,0
Al-Sweida,0,41,0,4,0,14,238,983,0,0,0,15710,229
Quneitra,0,0,0,0,0,0,99,3,0,0,0,894,5
Total,101,4290,133,4871,1030,2814,6070,12311,459,4897,433,616939,9247

