Governorate,Total,Quneitra,Al - Sweida,Al -  Rakka,Daraa,Dir- ez - zor,Al -Hasakeh,Hama,Homs,Tartous,Lattakia,Idleb,Aleppo,Rural Damascus
 General surgery , 43992 , 743 , 697 , 2190 , 3271 , 2331 , 2614 , 4495 , 4852 , 3105 , 2280 , 3386 , 4215 , 5042 , 4771 
 Neuro surgery, 3342 , 38 , 111 ,0, 289 , 265 , 330 , 235 , 318 , 85 , 93 , 166 , 174 , 186 , 1052 
 Cardiac surgery,12659,0,0,0,0,0,0,0,0,0,0,0,3905,0,8754
 Vascular surgery,2179,0,3,0,66,304,307,111,168,274,16,161,162,5,602
 E N T,20320,420,219,697,1084,789,1476,2647,2138,1020,1800,659,2486,2596,2289
 Ophtalmology,20190,106,380,273,569,459,540,4416,1583,339,625,639,4691,940,4630
 Orthopedic,22425,241,140,564,1512,1325,1011,2904,1700,1600,1166,2150,3139,2238,2735
 Urinogenital,13428,298,167,509,631,606,1062,953,681,649,452,843,2766,2228,1583
 Thoracal surgery,1691,0,0,0,48,55,53,40,321,134,126,151,208,53,502
 Plastic Surgery,1485,0,0,0,170,64,0,69,68,0,0,0,325,117,672
 Oris & Bimaxillary,4691,0,11,62,68,53,873,623,899,94,22,539,403,468,576
 Pediatric Surgery,4275,0,0,0,682,0,493,512,321,179,56,0,1574,58,400
 Endoscopic Surgery,4938,0,217,0,92,273,323,363,341,392,103,108,143,381,2202
 Oncology,339,0,0,0,0,0,1,13,0,0,2,0,240,56,27
 Renal Transplantation,155,0,0,0,0,0,0,0,27,0,0,0,23,0,105
 Burns,1349,0,0,0,0,105,8,8,0,23,10,0,521,674,0
 Dermatology,107,0,0,0,0,0,19,8,0,13,0,0,67,0,0
 Other,4298,0,0,0,241,0,0,934,0,0,443,17,521,96,2046
Total,161863,1846,1945,4295,8723,6629,9110,18331,13417,7907,7194,8819,25563,15138,32946
Gynecic Surgeries :, , , , , , , , , , , , , , , 
 Partus Caesareus,33048,241,1744,1113,2644,2182,915,4033,3379,3450,2742,2338,2952,3811,1504
 Other Surgeries,23508,136,898,1753,2104,1848,2693,1407,1593,486,905,1996,2896,1747,3046
 The minor surgical        operations,150948,30,10875,301,5916,8552,3479,2210,4357,43881,2027,353,61804,3043,4120
The
  Total of surgical operations,369367,2253,15462,7462,19387,19211,16197,25981,22746,55724,12868,13506,93215,23739,41616
 Normal Delivery,137661,906,3798,10341,21232,14410,9421,12030,12892,3203,2836,10027,11033,16631,8901

