GOVERNORATE,TOTAL,Emergency,Hospitals
Damascus,5409273,500685,3426245,1482343
Rural Damascus ,4882472,325664,1745342,2811466
Aleppo,7787617,599244,2351173,4837200
Homs,8241749,548422,2928594,4764733
Hama,4911459,348192,2752457,1810810
Lattakia,2490357,214507,1177016,1098834
Deir-ez-zor,2845932,345216,1372091,1128625
Idleb,2843013,188156,1199225,1455632
Al-Hasakeh,3393758,483468,1598775,1311515
Al-Rakka,1817598,243493,657340,916765
Al-Sweida,1617990,124854,1024691,468445
Daraa,3270001,389710,1540342,1339949
Tartous,2854910,141818,1724459,988633
Quneitra,665698,36397,167893,461408
TOTAL,53031827,4489826,23665643,24876358

