GOVERNORATE,TOTAL,Polyclinics,Laboratory Services,Dental Services,Treatment services For patients,Nutrition Program ,Healthy Control ,Health Education,Prenatal Care,Family Planning,Healthy child clinic,Tetanus vaccine For Women
Damascus ,1482343,0,175780,96170,312694,114008,0,12777,6015,25380,47720,11477,680322
Rural Damascus,2811466,71400,251338,151803,938123,87463,15275,6631,3188,65101,32737,32843,1155564
Aleppo,4837200,1463312,96295,199310,491868,23557,2944,18020,16296,157645,6631,93236,2268086
Homs,4764733,1271565,823543,469163,925670,288843,17859,29860,8122,62465,22969,41856,802818
Hama,1810810,115296,245776,92119,346654,95617,8071,20113,11763,62370,23196,32091,757744
Lattakia,1098834,0,164600,137019,245594,123797,3492,30126,8790,36564,18727,9896,320229
Deir-ez-zor,1128625,68342,27238,32951,124260,17411,36,6379,10870,38286,44815,43777,714260
Idleb,1455632,87297,71615,80115,252859,64981,4361,14045,11961,54469,23384,27808,762737
Al-Hasakeh,1311515,0,50257,84979,242659,34709,2620,5339,7660,47815,31530,33953,769994
Al-Rakka,916765,0,16305,54959,125564,12126,1061,5117,4956,28320,39618,35524,593215
Al-Sweida,468445,0,99351,48832,140786,21654,2743,7207,2318,17169,2108,2170,124107
Daraa,1339949,23953,191857,77878,201831,160476,6487,9660,5435,45927,26174,18423,571848
Tartous,988633,0,131667,95598,281604,37687,11914,69376,4758,38266,14697,15121,287945
Quneitra,461408,18322,64931,29973,164413,528,2112,3795,1035,10358,2729,5098,158114
TOTAL,24876358,3119487,2410553,1650869,4794579,1082857,78975,238445,103167,690135,337035,403273,9966983

