Governorate,Nurses,Midwives,Health  Technicians,Average  number of Persons per pharmacist,No of Pharmacists,Average number of Persons per Dentist,No of Dentists,Average  number of Persons per physician,No of physicians
Damascus,4514,649,2217,1886,553,2986,321,5148
Damascus Rural,1062,44,669,2001,889,2513,803,2780
Aleppo,2541,861,1020,1532,1383,2688,707,5257
Homs,2865,547,2401,1010,990,1505,689,2161
Hama,1966,296,1864,651,2007,665,1003,1330
Lattakia,3541,393,545,523,787,1112,462,1895
Deir-ez- zor,2093,442,1508,369,1791,513,1269,724
Idleb,1418,332,261,442,3172,353,1313,853
Al-Hasakeh,571,423,518,493,3709,341,1849,684
Al-Rakka,885,225,248,205,1749,395,1095,631
Sweida,1640,431,568,136,1128,272,550,558
Dar'a,1493,244,941,428,1902,410,933,836
Tartous,3482,261,1025,379,1000,674,384,1753
Quneitra,254,23,272,0,360,183,142,463
