Governorate,Nurses,Midwives,Health  Technicians,Average  number of Persons per pharmacist,No of Pharmacists,Average number of Persons per Dentist,No of Dentists,Average  number of Persons per physician,No of physicians
Damascus,4673,656,2163,1670,560,2986,361,4634
Damascus Rural,1477,116,870,2252,891,2590,922,2505
Aleppo,1340,734,1276,1896,1369,2788,820,4656
Homs,2855,551,2534,1017,993,1535,640,2381
Hama,2019,298,1901,683,2052,665,895,1524
Lattakia,3487,405,556,642,734,1212,433,2053
Deir-ez- zor,1839,453,1588,370,1847,513,1240,764
Idleb,1384,348,202,476,3252,353,1257,913
Al-Hasakeh,565,439,502,493,3797,341,1968,658
Al-Rakka,772,201,285,292,1792,395,1061,667
Sweida,1721,452,502,149,1147,272,507,615
Dar'a,1426,252,923,439,1958,410,871,921
Tartous,3229,253,1156,430,1016,674,428,1597
Quneitra,258,26,340,0,371,183,116,585
