Governorate,Nurses,Midwives,Health  Technicians,Average  number of Persons per pharmacist,No of Pharmacists,Average number of Persons per Dentist,No of Dentists,Average  number of Persons per physician,No of physicians
Damascus,4819,674,2196,1918,565,3002,362,4684
Damascus Rural,1627,135,1054,2711,920,2595,892,2677
Aleppo,1465,745,1286,2049,1397,2805,810,4842
Homs,3145,565,2799,1064,991,1574,602,2593
Hama,2229,331,1985,1225,1727,808,856,1631
Lattakia,3508,411,814,717,740,1223,426,2126
Deir-ezzor,1839,453,1667,420,1765,554,1101,888
Idleb,1524,388,282,576,3225,365,1162,1013
Al-Hasakeh,603,460,561,598,3643,364,1553,854
Al-Rakka,883,227,292,302,1766,411,1021,711
Sweida,1721,452,512,199,1101,287,491,643
Dar'a,1476,286,961,475,1890,437,865,955
Tartous,3557,286,1744,470,1023,679,419,1659
Quneitra,269,30,389,336,208,114,614
