Governorate,Nurses,Midwives,Health  Technicians,Average  number of Persons per pharmacist,No of Pharmacists,Average number of Persons per Dentist,No of Dentists,Average  number of Persons per physician,No of physicians
Damascus,5085,678,2403,1999,703,2315,285,5715
Damascus Rural,1727,135,1130,1816,1075,2212,817,2909
Aleppo,1969,961,520,2320,1604,2637,868,4876
Homs,3243,564,3154,1207,1285,1238,573,2776
Hama,2141,303,2324,837,1548,931,789,1826
Lattakia,3488,404,439,801,799,1147,465,1971
Deir-ez- zor,1893,453,1978,490,2449,428,1224,856
Idleb,1529,350,298,547,3082,425,1188,1102
Al-Hasakeh,734,475,723,616,3416,389,1094,1214
Al-Rakka,843,203,283,374,2996,275,1116,738
Sweida,1842,430,615,186,1015,332,543,620
Dar'a,1577,248,1066,473,2120,415,958,918
Tartous,3322,266,1264,526,961,760,421,1730
Quneitra,270,21,366,0,286,262,194,385
