


TABLE 4/12            ,  ,
           YEARS              , المجمــوع, مشافي خاصة, مشافي حكومية
Total,Private Hospitals
 متوسط عــدد الســكـان لكـل ســـريـــر,أســــرة,عـــــدد,أســــرة,عـــــدد,أســـــرة
Average number of persons per bed,Beds,No.,Beds,No.,Beds
2003,804,21817,440,6590,364,15227,76
2004,807,22282,454,6795,376,15487,78
2005,762,23798,458,7396,373,16402,85
2006,682,27443,463,7147,353,20296,110
2007,667,28750,469,7646,355,21104,114
BY Mohafazat:, , , , , , , 
   Damascus,260,6388,54,1031,33,5357,21
  Damascus Rural,755,3239,51,944,38,2295,13
   Aleppo,775,5599,115,2224,99,3375,16
   Homs,728,2237,41,843,30,1394,11
   Hama,778,1894,47,628,40,1266,7
   Lattakia,496,1885,21,285,14,1600,7
   Deir-ez- zor,921,1169,24,263,17,906,7
   Idleb,1657,810,30,330,27,480,3
   AL-Hasakeh,1026,1326,31,445,26,881,5
   Al-Rakka,1039,811,12,151,7,660,5
   Sweida,456,754,6,64,3,690,3
   Dar'a,883,1023,15,133,6,890,9
   Tartous,527,1415,21,305,15,1110,6
   Quneitra,385,200,1,0,0,200,1

