


TABLE  7/12,
YEARS,العيادات الشاملة ,النقاط الطبية,المجمــوع العام,المراكز
  الصحية التخصصية,المراكز
  الصحية العامة
General Clinics,Medical Points,G.Total
Specialized Health Centres,مجموع,ريف
Total,Rural
1993,7,117,703,46,657,460,197
1994,7,134,731,46,685,475,210
1995,11,139,795,41,754,504,250
1996,11,150,794,35,759,520,239
1997,11,151,836,35,801,558,243
1998,12,164,884,36,848,621,227
1999,12,166,926,36,890,652,238
2000,11,194,983,41,942,694,248
2001,11,223,1046,43,1003,729,274
2002,13,255,1114,44,1070,772,298
2003,13,260,1167,43,1124,821,303
2004,14,255,1218,43,1175,802,373
2005,18,262,1266,46,1220,ــ,ــ
2006,19,261,1350,48,1302,ــ,ــ
2007,22,260,1367,52,1315,ــ,ــ

