

 , , , , , , , , , , 
TABLE
  9/12                                                             , , , , , , , 
Mohafazat,الكلية
  الصناعية   ,عـدد المرضى بالعناية
  المشــددة,تخطيط ,تنظيـــــــر,المعالجة
  الفيزيائية ,قســـم الأشـــعة,خدمـات مخبــريـة  ,العمليات الجراحيـة,مراجعو الاســعاف ,العيـادات الخارجيــة
Artificial Kidney,number of patient in
  intensive care,planing,Scopy,Physical Therapy,X -Ray,Laboratory services,Surgery operation,Emergency
   Damascus , 26393 , 13121 , 52593 , 12169 , 82982 , 323349 , 2106993 , 55916 , 469887 , 346017 
Damascus
  Rural, 12286 , 3868 , 28096 , 2256 , 8364 , 146246 , 774809 , 55510 , 274656 , 195714 
   Aleppo, 18881 , 2183 , 33483 , 1849 , 12197 , 204668 , 913299 , 68507 , 404717 , 170649 
   Homs, 23709 , 12727 , 56929 , 2363 , 58536 , 263585 , 1546844 , 64688 , 459753 , 196755 
   Hama, 17372 , 10565 , 58644 , 2228 , 25135 , 221698 , 1509416 , 71028 , 308684 , 111394 
   Lattakia, 9371 , 4779 , 19332 , 770 , 2657 , 132680 , 501389 , 34612 , 204531 , 168091 
   Dir-ez- zor, 11129 , 2660 , 28000 , 1455 , 3669 , 131658 , 580383 , 42374 , 200420 , 105719 
   Idleb, 12123 , 5906 , 19922 , 1002 , 1838 , 79617 , 539043 , 9910 , 123591 , 8018 
   Al-Hasakeh, 11917 , 5072 , 32187 , 1159 , 4924 , 181344 , 537754 , 30500 , 472080 , 137119 
   Al-Rakka, 16556 , 1354 , 16525 ,ــ, 10667 , 77082 , 200475 , 6130 , 256875 , 44392 
   Al-Sweida, 4962 , 987 , 15225 , 817 , 16234 , 80606 , 671776 , 14456 , 108567 , 24860 
    Dar'a, 10792 , 10787 , 67341 , 1471 , 10550 , 149536 , 688487 , 33379 , 320394 , 77562 
   Tartous, 23641 , 1933 , 48732 , 2713 , 4783 , 170139 , 835627 , 51727 , 155011 , 161805 
   Quneitra,ـــ, 342 ,ــ, 146 , 230 , 15570 , 46702 , 1545 , 28097 , 9153 
Total,199132,76284,477009,30398,242766,2177778,11452997,540282,3787263,1757248
 , , , , , , , , , , 

