


TABLE
  8/12            ‏          ,
MOHAFAZAT,المجمــوع,العيادات الشاملة,خدمات مخبرية,خدمات
  سنية,خدمات علاجية للمرضى,برنامج التغذية,الرقابة
  الصحية,تثقيف صحي,رعايـة حوامل,تنظيم
  الأسـرة,عيادة
  الطفل السليم,كزاز للنسـاء,لقاحات أطفال
TOTAL,General
  Clinies,Laboratories,Dental
  Servies,Tretment
  servies For patients,Nutrition
  Program,Healthy
  Control,Health
  Education,Pregnants,Children
  Care,Healthy chld
  clinic ,Tetanus
  vaccine For Women
   Damascus,1318051,154179,145832,75935,266784,62332,0,12516,4818,34317,11271,10082,539985
 Damascus Rural,2265780,0,172575,109567,710302,75925,14478,4747,3725,53491,45246,35993,1039731
   Aleppo,2916471,169822,39607,159495,317000,16934,2526,11648,15378,130474,10224,77343,1966020
   Homs,3393684,755711,534185,239654,788807,170465,18563,24848,7326,55125,25800,26831,746369
   Hama,2218806,545652,304364,78753,345967,80736,9915,14582,8051,58029,29029,49069,694659
   Lattakia,1126112,0,146801,165549,265008,114305,2894,29370,8148,34586,16988,8495,333968
   Deir-ez-zor,1086468,40657,22102,19226,104058,8289,22,5316,7619,34026,31274,32210,781669
   Idleb,1665211,333997,69193,63547,226389,58277,4373,7245,10163,52096,18662,30290,790979
   Al-Hasakeh,1203629,0,39688,59146,218283,26932,3829,6519,7566,42298,30437,34016,734915
   Al-Rakka,869475,0,18211,37021,88795,10513,1007,3359,4619,23095,52702,37266,592887
   Sweida,544614,0,127837,31169,215266,21192,2377,6906,2646,15576,2993,1875,116777
   Dar'a,1280399,66534,206508,62769,197468,145555,6265,7887,4752,38193,25029,22799,496640
   Tartous,912802,0,127341,67944,240845,29698,11688,61862,4920,42920,14809,18784,291991
   Quneitra,533826,88480,63081,26650,126395,112,1883,4583,1488,12695,2185,6103,200171
TOTAL,21335328,2155032,2017325,1196425,4111367,821265,79820,201388,91219,626921,316649,391156,9326761

