Distribution of services provided by health centers according to its nature and by governorate
GOVERNORATE,TOTAL,Polyclinics,Laboratory Services,Dental Services,Treatment services For patients,Nutrition Program ,Healthy Control ,Health Education,Prenatal Care,Family Planning,Healthy child clinic,Tetanus vaccine For Women,Pediatric Vaccine
Damascus ,1568638,0,186211,86607,283099,138346,0,13611,5112,24532,35332,53754,742034
Aleppo,4279284,847057,122082,234512,347589,18224,3480,13011,16406,167276,4882,125565,2379200
  Rural Damascus ,3375733,254320,289318,178866,1009048,103289,15538,6471,3548,69272,32266,63965,1349832
Homs,5017837,1410661,931984,375454,901853,266825,18509,31041,8064,65117,23116,81175,904038
Hama,1967157,151430,260914,93917,358465,115450,7919,20753,12226,68314,30129,29027,818613
Lattakia,1252595,0,163594,164057,307700,125053,3945,30019,8983,38182,18735,21110,371217
Idleb,1569945,99483,66573,87550,241597,63478,3662,8360,13421,56854,20193,41572,867202
Al-Hasakeh,1535579,0,50750,97767,252794,48044,2817,5272,9497,50218,21272,81926,915222
Deir-ez-Zor,1290397,48268,27564,31147,152305,28896,28,7157,13402,41725,46814,58481,834610
Tartous,1050088,0,156602,118088,240398,37919,11139,61862,4725,34507,15899,13008,355941
Al-Rakka,1200701,129649,17439,61038,158948,0,1070,2705,4842,31524,32004,83226,678256
Daraa,1536678,60751,278216,99800,205179,180499,7493,10315,6864,47310,37332,23983,578936
Al-Sweida,485070,0,124289,48422,133007,18150,2621,6793,2346,17163,1392,6583,124304
Al-Quneitra,467144,32567,61287,33885,99921,9626,1698,3640,1021,10210,3714,8621,200954
TOTAL,26596846,3034186,2736823,1711110,4691903,1153799,79919,221010,110457,722204,323080,691996,11120359

